#v - vertex labels
3
3
3
3
3
3
2
2
7
3
3
3
3
3
3
2
6
7
7
2
7
#e - edge labels
1,2,47
1,6,47
2,3,47
2,21,51
3,4,47
3,9,51
4,5,47
5,6,47
5,8,46
6,7,46
9,10,135
10,11,47
10,15,47
11,12,47
11,21,51
12,13,47
13,14,47
13,20,46
14,15,47
14,17,50
15,16,46
17,18,117
17,19,117
2,1,47
6,1,47
3,2,47
21,2,51
4,3,47
9,3,51
5,4,47
6,5,47
8,5,46
7,6,46
10,9,135
11,10,47
15,10,47
12,11,47
21,11,51
13,12,47
14,13,47
20,13,46
15,14,47
17,14,50
16,15,46
18,17,117
19,17,117
#c - Class
-1
