#v - vertex labels
3
3
3
3
3
3
2
2
7
3
3
3
3
3
3
2
2
6
7
7
2
7
#e - edge labels
1,2,47
1,6,47
2,3,47
2,22,51
3,4,47
3,9,51
4,5,47
5,6,47
5,8,46
6,7,46
9,10,135
10,11,47
10,15,47
11,12,47
11,22,51
12,13,47
12,21,46
13,14,47
13,18,50
14,15,47
14,17,46
15,16,46
18,19,117
18,20,117
2,1,47
6,1,47
3,2,47
22,2,51
4,3,47
9,3,51
5,4,47
6,5,47
8,5,46
7,6,46
10,9,135
11,10,47
15,10,47
12,11,47
22,11,51
13,12,47
21,12,46
14,13,47
18,13,50
15,14,47
17,14,46
16,15,46
19,18,117
20,18,117
#c - Class
-1
