#v - vertex labels
3
7
3
3
3
3
3
3
3
3
3
3
3
3
3
6
7
7
#e - edge labels
1,2,51
2,3,135
3,4,47
3,8,47
4,5,47
5,6,47
6,7,47
6,11,47
7,8,47
7,9,47
9,10,47
10,11,47
10,15,47
11,12,47
12,13,47
13,14,47
14,15,47
14,16,50
16,17,117
16,18,117
2,1,51
3,2,135
4,3,47
8,3,47
5,4,47
6,5,47
7,6,47
11,6,47
8,7,47
9,7,47
10,9,47
11,10,47
15,10,47
12,11,47
13,12,47
14,13,47
15,14,47
16,14,50
17,16,117
18,16,117
#c - Class
1
