#v - vertex labels
3
3
3
3
3
3
6
7
7
7
3
3
3
3
3
3
7
2
2
#e - edge labels
1,2,47
1,6,47
2,3,47
3,4,47
3,17,51
4,5,47
4,10,51
5,6,47
6,7,50
7,8,117
7,9,117
10,11,135
11,12,47
11,16,47
12,13,47
13,14,47
13,19,46
14,15,47
14,18,46
15,16,47
16,17,51
2,1,47
6,1,47
3,2,47
4,3,47
17,3,51
5,4,47
10,4,51
6,5,47
7,6,50
8,7,117
9,7,117
11,10,135
12,11,47
16,11,47
13,12,47
14,13,47
19,13,46
15,14,47
18,14,46
16,15,47
17,16,51
#c - Class
1
