#v - vertex labels
3
3
3
3
3
3
6
3
7
3
4
4
4
3
3
3
3
3
3
3
6
7
7
#e - edge labels
1,2,47
1,6,47
2,3,47
3,4,47
3,16,47
4,5,47
4,14,47
5,6,47
6,7,50
7,8,113
8,9,51
8,10,47
10,11,48
10,12,48
10,13,48
14,15,47
15,16,47
15,20,47
16,17,47
17,18,47
18,19,47
19,20,47
19,21,50
21,22,117
21,23,117
2,1,47
6,1,47
3,2,47
4,3,47
16,3,47
5,4,47
14,4,47
6,5,47
7,6,50
8,7,113
9,8,51
10,8,47
11,10,48
12,10,48
13,10,48
15,14,47
16,15,47
20,15,47
17,16,47
18,17,47
19,18,47
20,19,47
21,19,50
22,21,117
23,21,117
#c - Class
1
