#v - vertex labels
3
6
6
3
3
3
3
3
3
3
6
7
7
#e - edge labels
1,2,50
2,3,116
2,6,113
3,4,113
4,5,47
4,10,47
5,6,47
5,7,47
7,8,47
8,9,47
9,10,47
10,11,50
11,12,117
11,13,117
2,1,50
3,2,116
6,2,113
4,3,113
5,4,47
10,4,47
6,5,47
7,5,47
8,7,47
9,8,47
10,9,47
11,10,50
12,11,117
13,11,117
#c - Class
1
