#v - vertex labels
3
3
3
3
3
3
7
3
3
3
3
3
3
7
6
7
7
#e - edge labels
1,2,47
1,6,47
2,3,47
3,4,47
4,5,47
4,14,51
5,6,47
5,7,51
7,8,135
8,9,47
8,13,47
9,10,47
10,11,47
11,12,47
11,15,50
12,13,47
13,14,51
15,16,117
15,17,117
2,1,47
6,1,47
3,2,47
4,3,47
5,4,47
14,4,51
6,5,47
7,5,51
8,7,135
9,8,47
13,8,47
10,9,47
11,10,47
12,11,47
15,11,50
13,12,47
14,13,51
16,15,117
17,15,117
#c - Class
1
