#v - vertex labels
3
7
3
3
3
3
3
3
6
3
3
3
6
7
7
#e - edge labels
1,2,51
2,3,135
3,4,47
3,12,47
4,5,47
5,6,47
5,10,47
6,7,47
7,8,47
8,9,50
9,10,113
10,11,47
11,12,47
11,13,50
13,14,117
13,15,117
2,1,51
3,2,135
4,3,47
12,3,47
5,4,47
6,5,47
10,5,47
7,6,47
8,7,47
9,8,50
10,9,113
11,10,47
12,11,47
13,11,50
14,13,117
15,13,117
#c - Class
-1
