#v - vertex labels
3
3
3
7
3
3
3
3
7
6
6
3
3
3
3
3
7
6
7
7
6
7
7
#e - edge labels
1,2,47
1,5,47
2,3,47
3,4,51
3,21,50
4,5,135
5,6,47
6,7,47
7,8,47
8,9,51
8,10,50
10,11,116
11,12,113
12,13,47
13,14,47
13,17,51
14,15,47
15,16,47
16,17,51
16,18,50
18,19,117
18,20,117
21,22,117
21,23,117
2,1,47
5,1,47
3,2,47
4,3,51
21,3,50
5,4,135
6,5,47
7,6,47
8,7,47
9,8,51
10,8,50
11,10,116
12,11,113
13,12,47
14,13,47
17,13,51
15,14,47
16,15,47
17,16,51
18,16,50
19,18,117
20,18,117
22,21,117
23,21,117
#c - Class
1
