#v - vertex labels
3
3
3
3
3
3
7
3
3
3
3
3
3
7
2
2
2
6
7
7
#e - edge labels
1,2,47
1,6,47
2,3,47
2,18,50
3,4,47
3,17,46
4,5,47
5,6,47
5,14,51
6,7,51
7,8,135
8,9,47
8,13,47
9,10,47
10,11,47
10,16,46
11,12,47
11,15,46
12,13,47
13,14,51
18,19,117
18,20,117
2,1,47
6,1,47
3,2,47
18,2,50
4,3,47
17,3,46
5,4,47
6,5,47
14,5,51
7,6,51
8,7,135
9,8,47
13,8,47
10,9,47
11,10,47
16,10,46
12,11,47
15,11,46
13,12,47
14,13,51
19,18,117
20,18,117
#c - Class
-1
